[gd_scene load_steps=13 format=3 uid="uid://cnfwi2kwiydwg"]

[ext_resource type="Texture2D" uid="uid://dlpmxwtywaveu" path="res://res/space-view.jpg" id="1_wse2o"]
[ext_resource type="PackedScene" uid="uid://c7atpw8buhwrc" path="res://scenes/worm.tscn" id="1_xvy66"]
[ext_resource type="Script" path="res://camera_script.gd" id="2_51yp3"]

[sub_resource type="PanoramaSkyMaterial" id="PanoramaSkyMaterial_uw2hm"]
panorama = ExtResource("1_wse2o")

[sub_resource type="Sky" id="Sky_37ka4"]
sky_material = SubResource("PanoramaSkyMaterial_uw2hm")

[sub_resource type="Environment" id="Environment_65kgs"]
background_mode = 2
sky = SubResource("Sky_37ka4")
tonemap_mode = 2
glow_enabled = true

[sub_resource type="StandardMaterial3D" id="StandardMaterial3D_20fwp"]
albedo_color = Color(0, 0, 0, 1)

[sub_resource type="CylinderMesh" id="CylinderMesh_880of"]
material = SubResource("StandardMaterial3D_20fwp")
height = 51.504

[sub_resource type="PhysicsMaterial" id="PhysicsMaterial_baghg"]

[sub_resource type="BoxShape3D" id="BoxShape3D_4a5jd"]
size = Vector3(250, 10.7866, 250)

[sub_resource type="StandardMaterial3D" id="StandardMaterial3D_c8or3"]
albedo_color = Color(0.494118, 0.509804, 0.619608, 0.54902)

[sub_resource type="BoxMesh" id="BoxMesh_uxbqf"]
material = SubResource("StandardMaterial3D_c8or3")
size = Vector3(250, 0.965, 250)

[node name="arena" type="Node3D"]

[node name="DirectionalLight3D" type="DirectionalLight3D" parent="."]
transform = Transform3D(-0.809017, -0.559333, 0.18066, 0, 0.307357, 0.951594, -0.587785, 0.769856, -0.248657, 0, 0, 0)
shadow_enabled = true

[node name="WorldEnvironment" type="WorldEnvironment" parent="."]
environment = SubResource("Environment_65kgs")

[node name="worm" parent="." instance=ExtResource("1_xvy66")]
transform = Transform3D(0.999999, 0.00114432, 0.000938423, -0.00114408, 0.999999, -0.000251228, -0.000938712, 0.000250148, 1, 26.3536, -2.97734, 5.33643)

[node name="MeshInstance3D" type="MeshInstance3D" parent="worm"]
transform = Transform3D(-0.00430619, -0.0308251, 0.999516, -0.0136303, -0.999429, -0.0308816, 0.999898, -0.0137567, 0.00388356, -2.82298, -5.13123, -1.2946)
mesh = SubResource("CylinderMesh_880of")

[node name="StaticBody3D" type="StaticBody3D" parent="."]
transform = Transform3D(1, 0, 0, 0, 1, 0, 0, 0, 1, -0.916138, -20.8377, 5.52871)
physics_material_override = SubResource("PhysicsMaterial_baghg")

[node name="CollisionShape3D" type="CollisionShape3D" parent="StaticBody3D"]
transform = Transform3D(1, 0, 0, 0, 1, 0, 0, 0, 1, 0, 11.8569, 0)
shape = SubResource("BoxShape3D_4a5jd")

[node name="MeshInstance3D" type="MeshInstance3D" parent="StaticBody3D"]
transform = Transform3D(1, 0, 0, 0, 1, 0, 0, 0, 1, 0, 16.7845, 0)
mesh = SubResource("BoxMesh_uxbqf")

[node name="camera_anchor" type="Node3D" parent="."]
script = ExtResource("2_51yp3")

[node name="camera" type="Camera3D" parent="camera_anchor"]
transform = Transform3D(1, 0, 0, 0, 0.694859, 0.719146, 0, -0.719146, 0.694859, 3.98407, 60.9996, 121.815)
